23.47 19.10 15.13 11.54 -1.49 -8.53 -11.98 -14.04 -14.26 -13.80 -12.99 -12.01 -10.98 -9.97 -9.01 -8.12 -7.30 -6.54 -5.86 -5.25 -4.69 -4.19 -3.74 -3.33 -2.96 -2.63 -2.33 -2.05 -1.81 -1.58 -1.37 -1.18 -1.01 -0.85 -0.71 -0.58 -0.45 -0.34 -0.24 -0.14 -0.05 0.03 0.11 0.18 0.25 0.31 0.37 0.42 0.47 0.52 0.56 0.60 0.64 0.68 0.71 0.75 0.78 0.81 0.83 0.86 0.88 0.91 0.93
23.50 19.12 15.11 11.44 -1.66 -8.73 -12.19 -14.25 -14.45 -13.98 -13.14 -12.15 -11.11 -10.08 -9.11 -8.20 -7.37 -6.61 -5.92 -5.30 -4.74 -4.23 -3.78 -3.36 -2.99 -2.66 -2.35 -2.08 -1.83 -1.60 -1.39 -1.20 -1.03 -0.87 -0.72 -0.59 -0.46 -0.35 -0.25 -0.15 -0.06 0.02 0.10 0.17 0.24 0.30 0.36 0.41 0.46 0.51 0.56 0.60 0.64 0.68 0.71 0.74 0.77 0.80 0.83 0.86 0.88 0.90 0.93
23.47 19.07 15.04 11.34 -1.83 -8.94 -12.40 -14.46 -14.65 -14.15 -13.30 -12.29 -11.23 -10.19 -9.20 -8.29 -7.44 -6.68 -5.98 -5.35 -4.79 -4.27 -3.81 -3.40 -3.02 -2.68 -2.38 -2.10 -1.85 -1.62 -1.41 -1.22 -1.04 -0.88 -0.73 -0.60 -0.47 -0.36 -0.25 -0.16 -0.07 0.02 0.09 0.17 0.23 0.30 0.35 0.41 0.46 0.51 0.55 0.59 0.63 0.67 0.71 0.74 0.77 0.80 0.83 0.85 0.88 0.90 0.92
23.44 19.01 14.96 11.25 -2.01 -9.15 -12.62 -14.67 -14.85 -14.33 -13.46 -12.43 -11.36 -10.30 -9.30 -8.37 -7.52 -6.74 -6.04 -5.40 -4.83 -4.32 -3.85 -3.43 -3.05 -2.71 -2.40 -2.12 -1.87 -1.63 -1.42 -1.23 -1.05 -0.89 -0.75 -0.61 -0.49 -0.37 -0.26 -0.17 -0.07 0.01 0.09 0.16 0.23 0.29 0.35 0.40 0.46 0.50 0.55 0.59 0.63 0.67 0.70 0.74 0.77 0.80 0.82 0.85 0.88 0.90 0.92
23.41 18.96 14.89 11.15 -2.19 -9.36 -12.83 -14.89 -15.05 -14.51 -13.62 -12.57 -11.48 -10.41 -9.40 -8.46 -7.60 -6.81 -6.10 -5.46 -4.88 -4.36 -3.89 -3.47 -3.08 -2.74 -2.43 -2.14 -1.89 -1.65 -1.44 -1.25 -1.07 -0.91 -0.76 -0.62 -0.50 -0.38 -0.27 -0.17 -0.08 0.00 0.08 0.15 0.22 0.29 0.34 0.40 0.45 0.50 0.54 0.59 0.63 0.66 0.70 0.73 0.76 0.79 0.82 0.85 0.87 0.90 0.92
23.38 18.90 14.81 11.09 -2.56 -10.03 -13.69 -15.11 -15.25 -14.70 -13.79 -12.72 -11.61 -10.53 -9.50 -8.55 -7.67 -6.88 -6.16 -5.51 -4.93 -4.40 -3.93 -3.50 -3.11 -2.77 -2.45 -2.17 -1.91 -1.67 -1.46 -1.26 -1.08 -0.92 -0.77 -0.63 -0.51 -0.39 -0.28 -0.18 -0.09 -0.01 0.07 0.15 0.22 0.28 0.34 0.39 0.45 0.49 0.54 0.58 0.62 0.66 0.70 0.73 0.76 0.79 0.82 0.85 0.87 0.89 0.92
23.34 18.85 14.73 10.99 -2.75 -10.25 -13.92 -15.33 -15.46 -14.89 -13.95 -12.87 -11.74 -10.64 -9.60 -8.64 -7.75 -6.95 -6.22 -5.57 -4.98 -4.44 -3.97 -3.53 -3.15 -2.79 -2.48 -2.19 -1.93 -1.69 -1.47 -1.28 -1.10 -0.93 -0.78 -0.64 -0.52 -0.40 -0.29 -0.19 -0.10 -0.01 0.07 0.14 0.21 0.27 0.33 0.39 0.44 0.49 0.54 0.58 0.62 0.66 0.69 0.73 0.76 0.79 0.82 0.84 0.87 0.89 0.91
23.31 18.79 14.65 10.88 -2.94 -10.48 -14.16 -15.56 -15.67 -15.07 -14.12 -13.02 -11.87 -10.76 -9.70 -8.73 -7.83 -7.02 -6.28 -5.62 -5.02 -4.49 -4.00 -3.57 -3.18 -2.82 -2.50 -2.21 -1.95 -1.71 -1.49 -1.29 -1.11 -0.95 -0.79 -0.66 -0.53 -0.41 -0.30 -0.20 -0.11 -0.02 0.06 0.13 0.20 0.27 0.33 0.38 0.44 0.49 0.53 0.58 0.62 0.65 0.69 0.72 0.76 0.79 0.81 0.84 0.87 0.89 0.91
23.28 18.73 14.57 10.78 -3.13 -10.71 -14.39 -15.79 -15.88 -15.27 -14.29 -13.17 -12.01 -10.87 -9.81 -8.82 -7.91 -7.09 -6.35 -5.68 -5.07 -4.53 -4.04 -3.60 -3.21 -2.85 -2.53 -2.24 -1.97 -1.73 -1.51 -1.31 -1.13 -0.96 -0.81 -0.67 -0.54 -0.42 -0.31 -0.21 -0.11 -0.03 0.05 0.13 0.20 0.26 0.32 0.38 0.43 0.48 0.53 0.57 0.61 0.65 0.69 0.72 0.75 0.78 0.81 0.84 0.86 0.89 0.91
23.24 18.68 14.49 10.67 -3.32 -10.94 -14.64 -16.02 -16.10 -15.46 -14.47 -13.32 -12.14 -10.99 -9.91 -8.91 -7.99 -7.16 -6.41 -5.73 -5.12 -4.58 -4.08 -3.64 -3.24 -2.88 -2.55 -2.26 -1.99 -1.75 -1.53 -1.33 -1.14 -0.97 -0.82 -0.68 -0.55 -0.43 -0.32 -0.22 -0.12 -0.03 0.05 0.12 0.19 0.26 0.32 0.37 0.43 0.48 0.52 0.57 0.61 0.65 0.68 0.72 0.75 0.78 0.81 0.83 0.86 0.88 0.91
23.21 18.62 14.40 10.57 -3.52 -11.18 -14.88 -16.26 -16.32 -15.66 -14.64 -13.48 -12.28 -11.11 -10.02 -9.00 -8.07 -7.23 -6.47 -5.79 -5.17 -4.62 -4.12 -3.68 -3.27 -2.91 -2.58 -2.28 -2.01 -1.77 -1.55 -1.34 -1.16 -0.99 -0.83 -0.69 -0.56 -0.44 -0.33 -0.23 -0.13 -0.04 0.04 0.12 0.19 0.25 0.31 0.37 0.42 0.47 0.52 0.56 0.60 0.64 0.68 0.71 0.75 0.78 0.80 0.83 0.86 0.88 0.91
23.17 18.56 14.32 10.46 -3.72 -11.42 -15.13 -16.50 -16.54 -15.86 -14.82 -13.63 -12.42 -11.24 -10.12 -9.09 -8.16 -7.30 -6.54 -5.85 -5.22 -4.67 -4.16 -3.71 -3.31 -2.94 -2.61 -2.31 -2.04 -1.79 -1.56 -1.36 -1.17 -1.00 -0.85 -0.70 -0.57 -0.45 -0.34 -0.23 -0.14 -0.05 0.03 0.11 0.18 0.25 0.31 0.36 0.42 0.47 0.52 0.56 0.60 0.64 0.68 0.71 0.74 0.77 0.80 0.83 0.86 0.88 0.90
23.13 18.49 14.23 10.35 -3.92 -11.67 -15.38 -16.74 -16.76 -16.06 -15.00 -13.79 -12.56 -11.36 -10.23 -9.19 -8.24 -7.38 -6.60 -5.90 -5.28 -4.71 -4.21 -3.75 -3.34 -2.97 -2.63 -2.33 -2.06 -1.81 -1.58 -1.38 -1.19 -1.02 -0.86 -0.71 -0.58 -0.46 -0.35 -0.24 -0.15 -0.06 0.03 0.10 0.17 0.24 0.30 0.36 0.41 0.46 0.51 0.55 0.60 0.64 0.67 0.71 0.74 0.77 0.80 0.83 0.85 0.88 0.90
23.10 18.43 14.14 10.23 -4.12 -11.92 -15.64 -16.99 -16.99 -16.27 -15.18 -13.96 -12.70 -11.48 -10.34 -9.29 -8.32 -7.45 -6.67 -5.96 -5.33 -4.76 -4.25 -3.79 -3.37 -3.00 -2.66 -2.36 -2.08 -1.83 -1.60 -1.39 -1.20 -1.03 -0.87 -0.73 -0.59 -0.47 -0.36 -0.25 -0.15 -0.06 0.02 0.10 0.17 0.23 0.30 0.35 0.41 0.46 0.51 0.55 0.59 0.63 0.67 0.70 0.74 0.77 0.80 0.82 0.85 0.87 0.90
23.06 18.37 14.05 10.12 -4.33 -12.17 -15.90 -17.24 -17.22 -16.48 -15.37 -14.12 -12.84 -11.61 -10.45 -9.38 -8.41 -7.53 -6.73 -6.02 -5.38 -4.80 -4.29 -3.82 -3.41 -3.03 -2.69 -2.38 -2.10 -1.85 -1.62 -1.41 -1.22 -1.04 -0.88 -0.74 -0.60 -0.48 -0.37 -0.26 -0.16 -0.07 0.01 0.09 0.16 0.23 0.29 0.35 0.40 0.45 0.50 0.55 0.59 0.63 0.67 0.70 0.73 0.76 0.79 0.82 0.85 0.87 0.90
23.02 18.30 13.96 10.00 -4.55 -12.42 -16.17 -17.49 -17.46 -16.69 -15.56 -14.29 -12.99 -11.74 -10.56 -9.48 -8.50 -7.60 -6.80 -6.08 -5.43 -4.85 -4.33 -3.86 -3.44 -3.06 -2.72 -2.41 -2.12 -1.87 -1.64 -1.43 -1.23 -1.06 -0.90 -0.75 -0.61 -0.49 -0.38 -0.27 -0.17 -0.08 0.00 0.08 0.15 0.22 0.28 0.34 0.40 0.45 0.50 0.54 0.58 0.62 0.66 0.70 0.73 0.76 0.79 0.82 0.84 0.87 0.89
22.98 18.24 13.87 9.88 -4.76 -12.69 -16.44 -17.75 -17.69 -16.90 -15.75 -14.45 -13.14 -11.87 -10.68 -9.58 -8.58 -7.68 -6.87 -6.14 -5.49 -4.90 -4.37 -3.90 -3.47 -3.09 -2.74 -2.43 -2.15 -1.89 -1.66 -1.44 -1.25 -1.07 -0.91 -0.76 -0.63 -0.50 -0.38 -0.28 -0.18 -0.09 -0.00 0.07 0.15 0.22 0.28 0.34 0.39 0.44 0.49 0.54 0.58 0.62 0.66 0.69 0.73 0.76 0.79 0.82 0.84 0.87 0.89
22.94 18.17 13.78 9.76 -4.98 -12.95 -16.71 -18.01 -17.94 -17.12 -15.94 -14.62 -13.29 -12.00 -10.79 -9.68 -8.67 -7.76 -6.94 -6.20 -5.54 -4.95 -4.42 -3.94 -3.51 -3.12 -2.77 -2.46 -2.17 -1.91 -1.68 -1.46 -1.27 -1.09 -0.92 -0.77 -0.64 -0.51 -0.39 -0.29 -0.19 -0.10 -0.01 0.07 0.14 0.21 0.27 0.33 0.39 0.44 0.49 0.53 0.58 0.62 0.65 0.69 0.72 0.76 0.78 0.81 0.84 0.86 0.89
22.90 18.10 13.68 9.64 -5.21 -13.22 -16.99 -18.28 -18.18 -17.34 -16.14 -14.80 -13.44 -12.13 -10.91 -9.78 -8.76 -7.84 -7.01 -6.26 -5.60 -5.00 -4.46 -3.98 -3.54 -3.15 -2.80 -2.48 -2.19 -1.93 -1.69 -1.48 -1.28 -1.10 -0.94 -0.79 -0.65 -0.52 -0.40 -0.30 -0.20 -0.10 -0.02 0.06 0.14 0.20 0.27 0.33 0.38 0.44 0.48 0.53 0.57 0.61 0.65 0.69 0.72 0.75 0.78 0.81 0.84 0.86 0.89
22.86 18.04 13.58 9.52 -5.43 -13.49 -17.27 -18.55 -18.43 -17.57 -16.34 -14.97 -13.59 -12.27 -11.03 -9.89 -8.85 -7.92 -7.08 -6.33 -5.65 -5.05 -4.50 -4.02 -3.58 -3.18 -2.83 -2.51 -2.22 -1.95 -1.71 -1.50 -1.30 -1.12 -0.95 -0.80 -0.66 -0.53 -0.41 -0.31 -0.20 -0.11 -0.03 0.05 0.13 0.20 0.26 0.32 0.38 0.43 0.48 0.53 0.57 0.61 0.65 0.68 0.72 0.75 0.78 0.81 0.83 0.86 0.88
22.82 17.97 13.48 9.39 -5.66 -13.77 -17.56 -18.83 -18.68 -17.79 -16.54 -15.15 -13.75 -12.40 -11.15 -9.99 -8.95 -8.00 -7.15 -6.39 -5.71 -5.10 -4.55 -4.06 -3.61 -3.22 -2.86 -2.53 -2.24 -1.97 -1.73 -1.51 -1.31 -1.13 -0.97 -0.81 -0.67 -0.54 -0.42 -0.31 -0.21 -0.12 -0.03 0.05 0.12 0.19 0.26 0.32 0.37 0.43 0.48 0.52 0.56 0.61 0.64 0.68 0.71 0.75 0.78 0.80 0.83 0.86 0.88
22.78 17.90 13.38 9.26 -5.90 -14.05 -17.85 -19.11 -18.94 -18.02 -16.75 -15.33 -13.91 -12.54 -11.27 -10.10 -9.04 -8.08 -7.22 -6.45 -5.76 -5.15 -4.59 -4.10 -3.65 -3.25 -2.89 -2.56 -2.26 -2.00 -1.75 -1.53 -1.33 -1.15 -0.98 -0.83 -0.68 -0.55 -0.43 -0.32 -0.22 -0.13 -0.04 0.04 0.12 0.19 0.25 0.31 0.37 0.42 0.47 0.52 0.56 0.60 0.64 0.68 0.71 0.74 0.77 0.80 0.83 0.85 0.88
22.74 17.82 13.28 9.13 -6.14 -14.34 -18.15 -19.39 -19.20 -18.26 -16.95 -15.51 -14.07 -12.68 -11.39 -10.21 -9.13 -8.17 -7.30 -6.52 -5.82 -5.20 -4.64 -4.14 -3.69 -3.28 -2.92 -2.59 -2.29 -2.02 -1.77 -1.55 -1.35 -1.16 -0.99 -0.84 -0.70 -0.56 -0.44 -0.33 -0.23 -0.14 -0.05 0.03 0.11 0.18 0.24 0.31 0.36 0.42 0.47 0.51 0.56 0.60 0.64 0.67 0.71 0.74 0.77 0.80 0.83 0.85 0.88
22.69 17.75 13.18 9.00 -6.38 -14.63 -18.45 -19.68 -19.47 -18.50 -17.17 -15.70 -14.23 -12.82 -11.51 -10.32 -9.23 -8.25 -7.37 -6.58 -5.88 -5.25 -4.68 -4.18 -3.72 -3.31 -2.95 -2.61 -2.31 -2.04 -1.79 -1.57 -1.36 -1.18 -1.01 -0.85 -0.71 -0.58 -0.45 -0.34 -0.24 -0.14 -0.06 0.03 0.10 0.17 0.24 0.30 0.36 0.41 0.46 0.51 0.55 0.59 0.63 0.67 0.70 0.74 0.77 0.80 0.82 0.85 0.87
22.65 17.67 13.07 8.86 -6.63 -14.93 -18.76 -19.97 -19.74 -18.74 -17.38 -15.89 -14.40 -12.97 -11.64 -10.43 -9.33 -8.33 -7.45 -6.65 -5.94 -5.30 -4.73 -4.22 -3.76 -3.35 -2.98 -2.64 -2.34 -2.06 -1.81 -1.59 -1.38 -1.19 -1.02 -0.86 -0.72 -0.59 -0.47 -0.35 -0.25 -0.15 -0.06 0.02 0.10 0.17 0.23 0.29 0.35 0.41 0.46 0.50 0.55 0.59 0.63 0.67 0.70 0.73 0.76 0.79 0.82 0.85 0.87
22.60 17.60 12.96 8.72 -6.88 -15.23 -19.07 -20.27 -20.01 -18.98 -17.60 -16.08 -14.56 -13.11 -11.77 -10.54 -9.42 -8.42 -7.52 -6.72 -6.00 -5.35 -4.78 -4.26 -3.80 -3.38 -3.01 -2.67 -2.36 -2.09 -1.83 -1.61 -1.40 -1.21 -1.04 -0.88 -0.73 -0.60 -0.48 -0.36 -0.26 -0.16 -0.07 0.01 0.09 0.16 0.23 0.29 0.35 0.40 0.45 0.50 0.54 0.59 0.63 0.66 0.70 0.73 0.76 0.79 0.82 0.84 0.87
22.56 17.52 12.85 8.58 -7.14 -15.54 -19.39 -20.57 -20.29 -19.23 -17.82 -16.27 -14.73 -13.26 -11.90 -10.65 -9.52 -8.51 -7.60 -6.78 -6.06 -5.41 -4.82 -4.30 -3.83 -3.41 -3.04 -2.69 -2.39 -2.11 -1.85 -1.62 -1.42 -1.22 -1.05 -0.89 -0.74 -0.61 -0.49 -0.37 -0.27 -0.17 -0.08 0.00 0.08 0.15 0.22 0.28 0.34 0.40 0.45 0.50 0.54 0.58 0.62 0.66 0.69 0.73 0.76 0.79 0.82 0.84 0.87
22.51 17.44 12.74 8.44 -7.40 -15.86 -19.71 -20.88 -20.57 -19.49 -18.04 -16.47 -14.90 -13.41 -12.03 -10.77 -9.62 -8.60 -7.68 -6.85 -6.12 -5.46 -4.87 -4.35 -3.87 -3.45 -3.07 -2.72 -2.41 -2.13 -1.88 -1.64 -1.43 -1.24 -1.06 -0.90 -0.76 -0.62 -0.50 -0.38 -0.28 -0.18 -0.09 -0.00 0.08 0.15 0.22 0.28 0.34 0.39 0.44 0.49 0.54 0.58 0.62 0.66 0.69 0.72 0.75 0.78 0.81 0.84 0.86
22.46 17.36 12.63 8.30 -7.66 -16.17 -20.04 -21.20 -20.86 -19.75 -18.27 -16.67 -15.08 -13.57 -12.16 -10.88 -9.72 -8.69 -7.75 -6.92 -6.18 -5.51 -4.92 -4.39 -3.91 -3.48 -3.10 -2.75 -2.44 -2.15 -1.90 -1.66 -1.45 -1.26 -1.08 -0.92 -0.77 -0.63 -0.51 -0.39 -0.28 -0.19 -0.09 -0.01 0.07 0.14 0.21 0.27 0.33 0.39 0.44 0.49 0.53 0.57 0.61 0.65 0.69 0.72 0.75 0.78 0.81 0.84 0.86
22.42 17.28 12.51 8.15 -7.93 -16.50 -20.37 -21.51 -21.15 -20.01 -18.50 -16.87 -15.26 -13.72 -12.30 -11.00 -9.83 -8.78 -7.83 -6.99 -6.24 -5.57 -4.97 -4.43 -3.95 -3.52 -3.13 -2.78 -2.46 -2.18 -1.92 -1.68 -1.47 -1.27 -1.09 -0.93 -0.78 -0.64 -0.52 -0.40 -0.29 -0.19 -0.10 -0.02 0.06 0.13 0.20 0.27 0.33 0.38 0.43 0.48 0.53 0.57 0.61 0.65 0.68 0.72 0.75 0.78 0.81 0.83 0.86
22.37 17.20 12.40 8.00 -8.21 -16.83 -20.71 -21.84 -21.45 -20.27 -18.74 -17.08 -15.44 -13.88 -12.43 -11.12 -9.93 -8.87 -7.91 -7.06 -6.30 -5.62 -5.02 -4.48 -3.99 -3.55 -3.16 -2.81 -2.49 -2.20 -1.94 -1.70 -1.49 -1.29 -1.11 -0.94 -0.79 -0.66 -0.53 -0.41 -0.30 -0.20 -0.11 -0.03 0.05 0.13 0.20 0.26 0.32 0.38 0.43 0.48 0.52 0.57 0.61 0.64 0.68 0.71 0.75 0.78 0.80 0.83 0.86
22.32 17.11 12.28 7.84 -8.49 -17.17 -21.05 -22.17 -21.75 -20.54 -18.97 -17.29 -15.62 -14.04 -12.57 -11.24 -10.04 -8.96 -8.00 -7.14 -6.37 -5.68 -5.07 -4.52 -4.03 -3.59 -3.19 -2.84 -2.52 -2.22 -1.96 -1.72 -1.50 -1.31 -1.12 -0.96 -0.81 -0.67 -0.54 -0.42 -0.31 -0.21 -0.12 -0.03 0.05 0.12 0.19 0.26 0.32 0.37 0.42 0.47 0.52 0.56 0.60 0.64 0.68 0.71 0.74 0.77 0.80 0.83 0.85
22.26 17.02 12.15 7.69 -8.77 -17.51 -21.41 -22.50 -22.06 -20.82 -19.22 -17.50 -15.80 -14.20 -12.71 -11.36 -10.15 -9.05 -8.08 -7.21 -6.43 -5.74 -5.12 -4.57 -4.07 -3.63 -3.23 -2.87 -2.54 -2.25 -1.98 -1.74 -1.52 -1.32 -1.14 -0.97 -0.82 -0.68 -0.55 -0.43 -0.32 -0.22 -0.13 -0.04 0.04 0.11 0.18 0.25 0.31 0.37 0.42 0.47 0.51 0.56 0.60 0.64 0.67 0.71 0.74 0.77 0.80 0.83 0.85
22.21 16.94 12.03 7.53 -9.06 -17.86 -21.76 -22.84 -22.37 -21.10 -19.46 -17.72 -15.99 -14.36 -12.86 -11.49 -10.26 -9.15 -8.16 -7.28 -6.50 -5.80 -5.17 -4.61 -4.11 -3.66 -3.26 -2.90 -2.57 -2.27 -2.00 -1.76 -1.54 -1.34 -1.15 -0.99 -0.83 -0.69 -0.56 -0.44 -0.33 -0.23 -0.14 -0.05 0.03 0.11 0.18 0.24 0.30 0.36 0.41 0.46 0.51 0.55 0.60 0.63 0.67 0.70 0.74 0.77 0.80 0.82 0.85
22.16 16.85 11.90 7.37 -9.36 -18.21 -22.13 -23.19 -22.69 -21.38 -19.71 -17.94 -16.18 -14.53 -13.00 -11.61 -10.37 -9.25 -8.25 -7.36 -6.56 -5.85 -5.22 -4.66 -4.15 -3.70 -3.29 -2.93 -2.60 -2.30 -2.03 -1.78 -1.56 -1.36 -1.17 -1.00 -0.85 -0.70 -0.57 -0.45 -0.34 -0.24 -0.14 -0.06 0.03 0.10 0.17 0.24 0.30 0.36 0.41 0.46 0.51 0.55 0.59 0.63 0.67 0.70 0.73 0.76 0.79 0.82 0.85
22.10 16.75 11.77 7.20 -9.66 -18.57 -22.50 -23.54 -23.01 -21.67 -19.97 -18.16 -16.38 -14.70 -13.15 -11.74 -10.48 -9.34 -8.33 -7.43 -6.63 -5.91 -5.28 -4.70 -4.19 -3.74 -3.33 -2.96 -2.62 -2.32 -2.05 -1.80 -1.58 -1.37 -1.19 -1.02 -0.86 -0.72 -0.58 -0.46 -0.35 -0.25 -0.15 -0.06 0.02 0.09 0.17 0.23 0.29 0.35 0.40 0.45 0.50 0.55 0.59 0.63 0.66 0.70 0.73 0.76 0.79 0.82 0.84
22.05 16.66 11.64 7.03 -9.97 -18.94 -22.88 -23.90 -23.34 -21.96 -20.23 -18.38 -16.57 -14.87 -13.30 -11.87 -10.59 -9.44 -8.42 -7.51 -6.70 -5.97 -5.33 -4.75 -4.24 -3.77 -3.36 -2.99 -2.65 -2.35 -2.07 -1.82 -1.60 -1.39 -1.20 -1.03 -0.87 -0.73 -0.60 -0.47 -0.36 -0.26 -0.16 -0.07 0.01 0.09 0.16 0.23 0.29 0.35 0.40 0.45 0.50 0.54 0.58 0.62 0.66 0.69 0.73 0.76 0.79 0.81 0.84
21.99 16.57 11.51 6.86 -10.28 -19.31 -23.26 -24.27 -23.67 -22.26 -20.49 -18.61 -16.77 -15.04 -13.45 -12.00 -10.71 -9.54 -8.51 -7.59 -6.77 -6.03 -5.38 -4.80 -4.28 -3.81 -3.39 -3.02 -2.68 -2.37 -2.09 -1.84 -1.62 -1.41 -1.22 -1.04 -0.89 -0.74 -0.61 -0.48 -0.37 -0.27 -0.17 -0.08 0.00 0.08 0.15 0.22 0.28 0.34 0.39 0.45 0.49 0.54 0.58 0.62 0.66 0.69 0.72 0.75 0.78 0.81 0.84
21.94 16.47 11.37 6.69 -10.60 -19.70 -23.65 -24.64 -24.01 -22.56 -20.75 -18.85 -16.98 -15.22 -13.60 -12.14 -10.82 -9.65 -8.60 -7.66 -6.83 -6.10 -5.44 -4.85 -4.32 -3.85 -3.43 -3.05 -2.71 -2.40 -2.12 -1.86 -1.63 -1.42 -1.23 -1.06 -0.90 -0.75 -0.62 -0.49 -0.38 -0.27 -0.18 -0.09 -0.00 0.07 0.15 0.21 0.28 0.33 0.39 0.44 0.49 0.53 0.58 0.61 0.65 0.69 0.72 0.75 0.78 0.81 0.83
21.88 16.37 11.23 6.51 -10.92 -20.09 -24.05 -25.02 -24.36 -22.87 -21.03 -19.08 -17.18 -15.40 -13.76 -12.27 -10.94 -9.75 -8.69 -7.74 -6.90 -6.16 -5.49 -4.90 -4.37 -3.89 -3.46 -3.08 -2.74 -2.42 -2.14 -1.89 -1.65 -1.44 -1.25 -1.07 -0.91 -0.77 -0.63 -0.50 -0.39 -0.28 -0.19 -0.10 -0.01 0.07 0.14 0.21 0.27 0.33 0.38 0.44 0.48 0.53 0.57 0.61 0.65 0.68 0.72 0.75 0.78 0.81 0.83
21.82 16.27 11.09 6.33 -11.25 -20.48 -24.46 -25.41 -24.71 -23.18 -21.30 -19.32 -17.39 -15.58 -13.92 -12.41 -11.06 -9.85 -8.78 -7.83 -6.98 -6.22 -5.55 -4.95 -4.41 -3.93 -3.50 -3.11 -2.76 -2.45 -2.17 -1.91 -1.67 -1.46 -1.27 -1.09 -0.93 -0.78 -0.64 -0.52 -0.40 -0.29 -0.19 -0.10 -0.02 0.06 0.13 0.20 0.26 0.32 0.38 0.43 0.48 0.52 0.57 0.61 0.64 0.68 0.71 0.75 0.77 0.80 0.83
21.76 16.17 10.95 6.14 -11.59 -20.89 -24.87 -25.80 -25.07 -23.50 -21.58 -19.57 -17.61 -15.77 -14.08 -12.55 -11.18 -9.96 -8.87 -7.91 -7.05 -6.28 -5.60 -5.00 -4.46 -3.97 -3.54 -3.14 -2.79 -2.48 -2.19 -1.93 -1.69 -1.48 -1.28 -1.10 -0.94 -0.79 -0.65 -0.53 -0.41 -0.30 -0.20 -0.11 -0.03 0.05 0.13 0.20 0.26 0.32 0.37 0.43 0.47 0.52 0.56 0.60 0.64 0.68 0.71 0.74 0.77 0.80 0.83
21.69 16.06 10.80 5.95 -11.93 -21.30 -25.29 -26.20 -25.43 -23.83 -21.87 -19.82 -17.82 -15.95 -14.24 -12.69 -11.31 -10.07 -8.97 -7.99 -7.12 -6.35 -5.66 -5.05 -4.50 -4.01 -3.57 -3.18 -2.82 -2.50 -2.21 -1.95 -1.71 -1.50 -1.30 -1.12 -0.95 -0.80 -0.67 -0.54 -0.42 -0.31 -0.21 -0.12 -0.03 0.05 0.12 0.19 0.25 0.31 0.37 0.42 0.47 0.52 0.56 0.60 0.64 0.67 0.71 0.74 0.77 0.80 0.82
21.63 15.96 10.65 5.76 -12.29 -21.72 -25.72 -26.60 -25.80 -24.16 -22.16 -20.07 -18.04 -16.14 -14.41 -12.84 -11.43 -10.18 -9.06 -8.07 -7.19 -6.41 -5.72 -5.10 -4.55 -4.05 -3.61 -3.21 -2.85 -2.53 -2.24 -1.97 -1.73 -1.51 -1.32 -1.13 -0.97 -0.82 -0.68 -0.55 -0.43 -0.32 -0.22 -0.13 -0.04 0.04 0.11 0.18 0.25 0.31 0.36 0.42 0.47 0.51 0.55 0.60 0.63 0.67 0.70 0.74 0.77 0.79 0.82
21.57 15.85 10.49 5.56 -12.64 -22.15 -26.16 -27.02 -26.18 -24.49 -22.45 -20.33 -18.27 -16.34 -14.57 -12.98 -11.56 -10.29 -9.16 -8.16 -7.27 -6.48 -5.78 -5.15 -4.59 -4.09 -3.65 -3.24 -2.88 -2.56 -2.26 -2.00 -1.75 -1.53 -1.33 -1.15 -0.98 -0.83 -0.69 -0.56 -0.44 -0.33 -0.23 -0.14 -0.05 0.03 0.11 0.18 0.24 0.30 0.36 0.41 0.46 0.51 0.55 0.59 0.63 0.67 0.70 0.73 0.76 0.79 0.82
21.50 15.74 10.34 5.36 -13.01 -22.58 -26.61 -27.44 -26.56 -24.84 -22.75 -20.59 -18.49 -16.53 -14.74 -13.13 -11.69 -10.40 -9.26 -8.25 -7.35 -6.55 -5.84 -5.20 -4.64 -4.14 -3.68 -3.28 -2.91 -2.58 -2.29 -2.02 -1.77 -1.55 -1.35 -1.17 -1.00 -0.84 -0.70 -0.57 -0.45 -0.34 -0.24 -0.14 -0.06 0.02 0.10 0.17 0.24 0.30 0.35 0.41 0.46 0.50 0.55 0.59 0.63 0.66 0.70 0.73 0.76 0.79 0.82
21.43 15.62 10.18 5.16 -13.38 -23.03 -27.06 -27.87 -26.96 -25.18 -23.06 -20.86 -18.72 -16.73 -14.92 -13.28 -11.82 -10.52 -9.36 -8.33 -7.42 -6.61 -5.90 -5.26 -4.69 -4.18 -3.72 -3.31 -2.94 -2.61 -2.31 -2.04 -1.79 -1.57 -1.37 -1.18 -1.01 -0.86 -0.71 -0.58 -0.46 -0.35 -0.25 -0.15 -0.06 0.02 0.09 0.16 0.23 0.29 0.35 0.40 0.45 0.50 0.54 0.58 0.62 0.66 0.69 0.73 0.76 0.79 0.81
21.36 15.51 10.02 4.95 -13.76 -23.48 -27.52 -28.31 -27.35 -25.54 -23.37 -21.13 -18.96 -16.94 -15.09 -13.43 -11.95 -10.63 -9.46 -8.42 -7.50 -6.68 -5.96 -5.31 -4.74 -4.22 -3.76 -3.35 -2.97 -2.64 -2.34 -2.06 -1.82 -1.59 -1.39 -1.20 -1.03 -0.87 -0.73 -0.59 -0.47 -0.36 -0.26 -0.16 -0.07 0.01 0.09 0.16 0.22 0.28 0.34 0.40 0.45 0.49 0.54 0.58 0.62 0.66 0.69 0.72 0.75 0.78 0.81
21.29 15.39 9.85 4.74 -14.15 -23.94 -28.00 -28.76 -27.76 -25.90 -23.68 -21.40 -19.20 -17.14 -15.27 -13.59 -12.09 -10.75 -9.56 -8.51 -7.58 -6.75 -6.02 -5.37 -4.78 -4.26 -3.80 -3.38 -3.01 -2.67 -2.36 -2.09 -1.84 -1.61 -1.40 -1.21 -1.04 -0.88 -0.74 -0.61 -0.48 -0.37 -0.27 -0.17 -0.08 0.00 0.08 0.15 0.22 0.28 0.34 0.39 0.44 0.49 0.53 0.58 0.61 0.65 0.69 0.72 0.75 0.78 0.81
21.22 15.27 9.68 4.52 -14.54 -24.42 -28.48 -29.21 -28.17 -26.27 -24.01 -21.68 -19.44 -17.35 -15.45 -13.75 -12.22 -10.87 -9.67 -8.60 -7.66 -6.82 -6.08 -5.42 -4.83 -4.31 -3.84 -3.42 -3.04 -2.70 -2.39 -2.11 -1.86 -1.63 -1.42 -1.23 -1.06 -0.90 -0.75 -0.62 -0.49 -0.38 -0.28 -0.18 -0.09 -0.01 0.07 0.14 0.21 0.27 0.33 0.39 0.44 0.48 0.53 0.57 0.61 0.65 0.68 0.72 0.75 0.78 0.80
21.15 15.15 9.51 4.30 -14.95 -24.90 -28.97 -29.68 -28.60 -26.64 -24.33 -21.96 -19.68 -17.57 -15.64 -13.91 -12.36 -10.99 -9.77 -8.69 -7.74 -6.90 -6.14 -5.48 -4.88 -4.35 -3.88 -3.45 -3.07 -2.73 -2.42 -2.13 -1.88 -1.65 -1.44 -1.25 -1.07 -0.91 -0.76 -0.63 -0.51 -0.39 -0.29 -0.19 -0.10 -0.01 0.06 0.14 0.20 0.27 0.33 0.38 0.43 0.48 0.53 0.57 0.61 0.64 0.68 0.71 0.74 0.77 0.80
21.08 15.02 9.33 4.07 -15.36 -25.39 -29.47 -30.15 -29.03 -27.02 -24.67 -22.25 -19.93 -17.78 -15.83 -14.07 -12.50 -11.11 -9.88 -8.79 -7.82 -6.97 -6.21 -5.53 -4.93 -4.40 -3.92 -3.49 -3.10 -2.76 -2.44 -2.16 -1.90 -1.67 -1.46 -1.26 -1.09 -0.93 -0.78 -0.64 -0.52 -0.40 -0.29 -0.20 -0.11 -0.02 0.06 0.13 0.20 0.26 0.32 0.38 0.43 0.48 0.52 0.56 0.60 0.64 0.68 0.71 0.74 0.77 0.80
21.00 14.90 9.15 3.84 -15.78 -25.89 -29.98 -30.64 -29.46 -27.41 -25.01 -22.55 -20.19 -18.00 -16.02 -14.23 -12.64 -11.24 -9.99 -8.88 -7.91 -7.04 -6.27 -5.59 -4.98 -4.44 -3.96 -3.53 -3.14 -2.78 -2.47 -2.18 -1.92 -1.69 -1.48 -1.28 -1.10 -0.94 -0.79 -0.65 -0.53 -0.41 -0.30 -0.21 -0.11 -0.03 0.05 0.12 0.19 0.26 0.31 0.37 0.42 0.47 0.52 0.56 0.60 0.64 0.67 0.71 0.74 0.77 0.80
20.92 14.77 8.97 3.60 -16.21 -26.40 -30.50 -31.13 -29.91 -27.80 -25.35 -22.85 -20.45 -18.23 -16.21 -14.40 -12.79 -11.36 -10.10 -8.98 -7.99 -7.12 -6.34 -5.65 -5.04 -4.49 -4.00 -3.56 -3.17 -2.81 -2.50 -2.21 -1.95 -1.71 -1.49 -1.30 -1.12 -0.95 -0.80 -0.67 -0.54 -0.42 -0.31 -0.21 -0.12 -0.04 0.04 0.12 0.19 0.25 0.31 0.37 0.42 0.47 0.51 0.56 0.60 0.63 0.67 0.70 0.73 0.76 0.79
20.84 14.63 8.78 3.36 -16.65 -26.93 -31.03 -31.63 -30.36 -28.21 -25.70 -23.15 -20.71 -18.45 -16.41 -14.57 -12.94 -11.49 -10.21 -9.08 -8.08 -7.19 -6.41 -5.71 -5.09 -4.54 -4.04 -3.60 -3.20 -2.85 -2.52 -2.23 -1.97 -1.73 -1.51 -1.31 -1.13 -0.97 -0.82 -0.68 -0.55 -0.43 -0.32 -0.22 -0.13 -0.04 0.04 0.11 0.18 0.24 0.30 0.36 0.41 0.46 0.51 0.55 0.59 0.63 0.67 0.70 0.73 0.76 0.79
20.76 14.50 8.59 3.12 -17.10 -27.46 -31.58 -32.14 -30.83 -28.62 -26.06 -23.46 -20.98 -18.69 -16.61 -14.74 -13.09 -11.62 -10.32 -9.18 -8.16 -7.27 -6.47 -5.77 -5.14 -4.58 -4.08 -3.64 -3.24 -2.88 -2.55 -2.26 -1.99 -1.75 -1.53 -1.33 -1.15 -0.98 -0.83 -0.69 -0.56 -0.44 -0.33 -0.23 -0.14 -0.05 0.03 0.10 0.17 0.24 0.30 0.35 0.41 0.46 0.50 0.55 0.59 0.63 0.66 0.70 0.73 0.76 0.79
